459
469
466
462
484
507
512
508
510
535
559
572
571
570
583
596
611
616
580
553
550
589
618
623
633
623
614
605
624
642
658
668
678
698
712
730
765
779
789
784
824
859
874
869
881
918
929
918
884
892
913
937
947
973
998
1006
1003
998
1011
1006
1005
981
967
956
964
970
959
933
901
874
864
839
821
799
791
783
774
775
766
774
785
802
808
810
820
830
835
842
852
858
858
858
867
861
855
859
875
887
889
896
899
912
921
943
952
979
991
1004
998
981
971
998
1043
1084
1097
1118
1178
1234
1289
1308
1322
1329
1330
1329
1342
1358
1377
1376
1371
1358
1341
1325
1317
1307
1290
1276
1284
1311
1337
1350
1344
1353
1360
1396
1410
1423
1422
1445
1472
1482
1498
1513
1548
1581
1612
1632
1626
1622
1632
1647
1660
1668
1679
1698
1713
1732
1746
1761
1780
1779
1788
1786
1800
1796
1782
1769
1760
1761
1773
1787
1798
1796
1783
1773
1772
1772
1769
1765
1775
1784
1790
1808
1828
1830
1812
1773
1744
1719
1742
1772
1800
1803
1807
1811
1826
1830
1832
1821
1820
1818
1816
1812
1808
1806
1787
1776
1771
1783
1793
1779
1762
1744
1737
1738
1739
1744
1746
1721
1706
1686
1709
1732
1740
1730
1707
1699
1692
1691
1696
1696
1688
1686
1688
1693
1692
1693
1699
1705
1692
1670
1648
1605
1569
1530
1526
1516
1520
1523
1536
1523
1515
1510
1537
1566
1597
1608
1622
1629
1639
1649
1660
1670
1676
1685
1694
1704
1708
1746
1802
1857
1867
1857
1820
1802
1784
1794
1806
1819
1832
1838
1843
1850
1865
1870
1871
1868
1920
1992
2060
2101
2144
2185
2207
2212
2229
2243
2263
2272
2253
2203
2152
2150
2174
2192
2208
2227
2253
2263
2302
2339
2376
2375
2369
2384
2405
2463
2489
2524
2500
2487
2479
2501
2524
2521
2519
2518
2527
2523
2517
2514
2521
2536
2558
2580
2598
2603
2601
2596
2596
2608
2629
2665
2699
2730
2731
2728
2716
2731
2744
2756
2747
2752
2734
2723
2714
2738
2778
2804
2802
2784
2739
2726
2715
2712
2696
2697
2700
2708
2678
2666
2667
2687
2704
2710
2694
2682
2663
2675
2685
2693
2694
2678
2682
2676
2722
2729
2747
2734
2737
2738
2728
2729
2732
2746
2756
2764
2765
2766
2748
2750
2750
2783
2799
2818
2820
2812
2831
2857
2899
2925
2947
2982
3012
3038
3017
2994
2984
3003
3014
3034
3059
3087
3097
3091
3081
3055
3037
3025
3026
3016
3008
3006
3019
3035
3042
3048
3053
3070
3086
3111
3129
3153
3160
3175
3184
3213
3230
3249
3253
3262
3287
3314
3368
3405
3434
3432
3429
3445
3461
3481
3488
3513
3534
3562
3561
3558
3532
3531
3525
3544
3550
3563
3564
3564
3571
3578
3588
3609
3628
3654
3660
3654
3649
3650
3663
3670
3643
3614
3587
3591
3606
3615
3631
3625
3615
3571
3533
3514
3521
3524
3523
3522
3530
3531
3544
3567
3589
3606
3620
3635
3652
3673
3698
3716
3718
3715
3716
3726
3737
3742
3748
3750
3757
3767
3779
3767
3756
3734
3724
3699
3688
3670
3658
3643
3633
3629
3626
3625
3644
3663
3690
3695
3691
3675
3646
3614
3594
3555
3537
3527
3560
3579
3597
3617
3638
3653
3655
3664
3674
3681
3687
3699
3716
3726
3734
3738
3750
3755
3754
3749
3744
3755
3773
3794
3805
3822
3850
3876
3899
3910
3945
3974
4004
4000
3992
3944
3920
3894
3916
3928
3942
3947
3948
3949
3946
3969
3989
4015
4024
4031
4058
4085
4119
4129
4138
4145
4134
4119
4102
4113
4116
4121
4116
4110
4105
4098
4102
4100
4101
4093
4088
4089
4094
4097
4095
4103
4120
4118
4083
4044
4020
4020
4019
4020
4029
4045
4062
4073
4068
4066
4052
4023
3990
3969
3972
3975
3987
3997
4002
3996
4000
4000
3999
4006
4018
4039
4050
4065
4049
4028
4005
4009
4021
4032
4057
4074
4096
4098
4119
4134
4150
4147
4143
4148
4146
4151
4143
4141
4129
4140
4154
4171
4196
4218
4243
4234
4236
4240
4250
4260
4271
4284
4304
4305
4303
4281
4261
4247
4235
4252
4264
4264
4238
4216
4226
4256
4290
4307
4323
4333
4340
4339
4340
4339
4344
4347
4352
4351
4347
4347
4353
4360
4365
4368
4405
4443
4477
4489
4499
4530
4551
4569
4584
4607
4630
4643
4651
4661
4666
4675
4682
4691
4695
4699
4700
4699
4698
4699
4703
4710
4715
4731
4747
4764
4769
4770
4787
4804
4810
4799
4786
4785
4788
4797
4815
4824
4829
4823
4818
4811
4806
4816
4811
4808
4780
4787
4814
4855
4878
4887
4897
4907
4915
4916
4917
4905
4900
4893
4893
4900
4909
4947
4955
4978
4978
4977
4967
4964
4985
5000
5006
5018
5023
5030
5030
5041
5040
5039
5043
5053
5061
5064
5074
5087
5101
5121
5107
5110
5100
5123
5121
5123
5114
5108
5098
5109
5118
5127
5131
5150
5163
5164
5153
5126
5117
5120
5148
5172
5174
5180
5180
5195
5222
5255
5265
5252
5232
5212
5206
5193
5208
5216
5220
5204
5167
5153
5146
5164
5127
5090
5048
5053
5053
5051
5045
5047
5055
5022
4988
4951
4957
4969
4982
4993
4998
5022
5040
5050
5039
5022
5011
5003
5008
5012
5017
5017
5006
4991
5008
5037
5068
5075
5074
5072
5064
5066
5067
5074
5090
5110
5128
5138
5134
5124
5116
5093
5067
5030
5011
5009
5015
5032
5039
5042
5034
5030
5019
5031
5056
5104
5131
5137
5136
5144
5165
5185
5206
5230
5235
5243
5239
5252
5249
5252
5267
5301
5329
5379
5420
5470
5482
5499
5507
5515
5520
5510
5505
5497
5515
5527
5541
5544
5551
5530
5510
5494
5505
5530
5551
5549
5532
5518
5511
5498
5503
5511
5526
5521
5514
5487
5460
5444
5441
5434
5436
5442
5451
5440
5426
5411
5412
5415
5382
5334
5286
5272
5272
5266
5262
5256
5252
5255
5264
5283
5295
5310
5322
5327
5334
5339
5356
5367
5381
5415
5444
5467
5467
5467
5490
5533
5577
5598
5592
5585
5585
5587
5575
5561
5561
5572
5584
5585
5587
5595
5625
5659
5686
5681
5674
5690
5716
5738
5749
5763
5795
5829
5858
5866
5847
5819
5799
5790
5789
5788
5804
5830
5855
5853
5833
5813
5819
5842
5863
5870
5871
5867
5861
5857
5858
5848
5843
5840
5867
5879
5889
5876
5864
5850
5813
5783
5757
5772
5787
5803
5807
5815
5792
5774
5752
5760
5766
5770
5774
5781
5792
5804
5799
5777
5756
5751
5744
5735
5721
5716
5706
5699
5697
5700
5701
5705
5701
5700
5701
5714
5714
5722
5727
5736
5737
5737
5742
5746
5753
5760
5763
5761
5751
5740
5732
5728
5728
5767
5812
5886
5925
5965
5974
5979
5983
5971
5967
5961
5992
6018
6042
6057
6071
6089
6107
6116
6123
6121
6126
6139
6151
6140
6117
6092
6089
6072
6059
6056
6064
6065
6056
6046
6038
6028
6024
6019
6005
5990
5959
5939
5916
5906
5900
5900
5904
5916
5928
5945
5946
5942
5940
5961
5991
6012
6010
6022
6032
6046
6044
6085
6152
6214
6237
6234
6219
6205
6192
6189
6177
6181
6215
6257
6286
6286
6277
6264
6256
6260
6257
6250
6243
6243
6242
6229
6219
6213
6237
6261
6285
6271
6258
6251
6254
6264
6251
6254
6248
6245
6236
6210
6188
6171
6175
6175
6170
6160
6175
6185
6202
6212
6224
6233
6238
6252
6280
6308
6326
6319
6307
6285
6272
6265
6277
6275
6261
6237
6229
6226
6229
6227
6231
6216
6215
6214
6233
6248
6245
6240
6229
6240
6255
6270
6288
6304
6317
6330
6344
6364
6377
6387
6405
6429
6465
6484
6500
6507
6500
6480
6461
6465
6477
6485
6487
6491
6495
6498
6492
6506
6520
6538
6551
6578
6607
6628
6636
6669
6673
6676
6665
6650
6635
6619
6627
6642
6657
6674
6684
6687
6690
6689
6696
6701
6718
6727
6735
6742
6758
6774
6792
6799
6809
6828
6849
6892
6892
6894
6874
6880
6888
6896
6903
6917
6933
6960
6976
6969
6953
6937
6920
6901
6886
6893
6922
6948
6968
6962
6960
6950
6929
6903
6886
6910
6923
6941
6936
6945
6954
6967
6986
7011
7032
7064
7093
7120
7125
7121
7117
7115
7119
7124
7139
7157
7135
7108
7113
7156
7181
7184
7184
7197
7180
7166
7161
7175
7191
7198
7207
7216
7226
7246
7284
7314
7331
7302
7278
7253
7242
7233
7224
7240
7252
7237
7207
7188
7204
7215
7237
7256
7283
7292
7268
7243
7218
7213
7208
7191
7180
7170
7167
7166
7174
7202
7230
7252
7257
7265
7276
7292
7287
7277
7262
7254
7258
7264
7294
7301
7313
7303
7299
7291
7294
7307
7332
7337
7335
7322
7335
7348
7361
7368
7373
7387
7399
7411
7412
7415
7420
7429
7432
7430
7422
7446
7473
7508
7523
7553
7594
7635
7694
7733
7765
7769
7780
7791
7801
7808
7812
7814
7815
7825
7835
7852
7864
7887
7896
7905
7908
7918
7924
7943
7962
8006
8029
8057
8065
8056
8043
8048
8101
8150
8168
8176
8180
8217
8238
8274
8287
8305
8315
8323
8324
8328
8339
8370
8394
8422
8419
8417
8406
8384
8365
8343
8347
8353
8357
8351
8318
8292
8272
8290
8306
8323
8329
8357
8368
8370
8353
8345
8342
8333
8333
8336
8337
8330
8320
8299
8285
8278
8298
8315
8319
8314
8308
8304
8298
8293
8283
8273
8262
8275
8290
8311
8327
8339
8348
8343
8343
8344
8341
8337
8327
8325
8321
8323
8334
8356
8377
8389
8400
8401
8404
8397
8400
8403
8408
8424
8440
8444
8446
8446
8437
8414
8391
8387
8388
8392
8401
8437
8473
8472
8448
8423
8403
8400
8405
8445
8488
8510
8518
8500
8502
8511
8523
8528
8543
8555
8569
8570
8567
8567
8560
8553
8536
8517
8497
8474
8463
8457
8461
8472
8485
8488
8481
8470
8467
8450
8437
8425
8441
8444
8455
8445
8456
8445
8450
8452
8479
8512
8540
8538
8518
8498
8483
8453
8423
8406
8417
8455
8490
8519
8522
8530
8543
8556
8567
8599
8643
8692
8713
8715
8719
8730
8753
8769
8775
8775
8767
8768
8756
8750
8757
8782
8806
8815
8825
8839
8849
8855
8863
8873
8885
8922
8960
8999
9021
9047
9066
9074
9076
9082
9091
9094
9096
9097
9101
9102
9099
9098
9089
9084
9079
9084
9087
9093
9128
9148
9170
9159
9174
9190
9204
9204
9200
9219
9243
9275
9298
9313
9318
9317
9311
9311
9313
9326
9350
9377
9404
9396
9372
9359
9371
9393
9405
9415
9413
9410
9400
9404
9415
9446
9478
9503
9523
9519
9517
9499
9493
9483
9482
9485
9472
9440
9412
9416
9436
9453
9462
9469
9479
9485
9490
9488
9469
9450
9438
9441
9426
9419
9419
9432
9459
9460
9466
9441
9407
9386
9378
9399
9411
9441
9470
9491
9488
9492
9500
9508
9510
9507
9511
9521
9540
9554
9559
9563
9567
9574
9578
9591
9603
9631
9648
9674
9684
9696
9699
9698
9705
9717
9744
9764
9795
9815
9829
9827
9822
9824
9819
9836
9852
9882
9912
9944
9967
9968
9964
9942
9929
9914
9919
9912
9916
9916
9942
9967
9994
10005
10010
10018
10022
10036
10020
10011
10000
10004
10001
9982
9973
9977
10001
10017
10007
9990
9982
9982
9973
9967
9968
9958
9949
9935
9964
9993
10028
10038
10047
10035
10045
10038
10051
10032
10032
10043
10052
10052
10048
10047
10066
10092
10115
10127
10116
10109
10110
10116
10132
10136
10146
10170
10197
10220
10226
10225
10225
10224
10232
10262
10311
10353
10372
10362
10358
10356
10367
10380
10391
10399
10400
10399
10397
10398
10405
10407
10402
10419
10443
10475
10456
10430
10414
10438
10453
10472
10476
10494
10497
10501
10494
10483
10483
10494
10523
10544
10567
10583
10596
10612
10623
10635
10642
10648
10654
10651
10670
10700
10739
10721
10688
10661
10668
10677
10677
10669
10665
10656
10646
10634
10644
10680
10717
10720
10707
10691
10676
10663
10650
10660
10678
10697
10703
10709
10725
10753
10773
10782